7 0.393141 0.087944 0.042758 0.168679
7 0.677888 0.428931 0.026109 0.115545
7 0.586226 0.53258 0.014695 0.064437
2 0.549221 0.685887 0.060245 0.084734
2 0.884443 0.74418 0.216629 0.537863
2 0.479548 0.675376 0.020734 0.031346
0 0.27394 0.69221 0.038127 0.125339
0 0.176681 0.689322 0.064363 0.265264
0 0.230139 0.6913 0.039319 0.148384
0 0.363504 0.68023 0.031287 0.17979
0 0.070053 0.681031 0.051986 0.204644
0 0.017712 0.693901 0.036164 0.181087
0 0.14624 0.703549 0.025778 0.107657
0 0.384392 0.676105 0.023957 0.127277
