7 0.60445 0.50577 0.012238 0.044823
7 0.715173 0.509387 0.015356 0.044592
7 0.4887 0.602336 0.00883 0.028019
4 0.42865 0.649326 0.051496 0.102139
4 0.541376 0.667595 0.053676 0.085227
2 0.606455 0.674224 0.04143 0.060898
2 0.828011 0.682232 0.090345 0.101024
2 0.206342 0.714551 0.102162 0.096768
2 0.144035 0.692638 0.055849 0.05631
2 0.045095 0.733454 0.091642 0.230206
2 0.951307 0.66968 0.085179 0.101337
2 0.672696 0.672807 0.028689 0.056715
2 0.381558 0.69363 0.055648 0.061556
2 0.980386 0.677116 0.040683 0.10135
2 0.091969 0.695855 0.04509 0.070494
2 0.898518 0.667128 0.052775 0.08028
2 0.729386 0.673002 0.094817 0.175525
2 0.541446 0.668347 0.054489 0.085082
0 0.319976 0.685788 0.012079 0.049613
