7 0.564453 0.319667 0.025529 0.088612
7 0.713979 0.521213 0.01762 0.055063
7 0.278382 0.571912 0.012658 0.053656
7 0.291997 0.570434 0.017499 0.052852
7 0.599847 0.482779 0.01044 0.039871
2 0.427663 0.67577 0.095381 0.061686
2 0.698506 0.612363 0.029423 0.030841
2 0.055783 0.733845 0.110225 0.195981
2 0.734839 0.601929 0.017832 0.026745
0 0.306685 0.686825 0.029539 0.095247
0 0.611724 0.65958 0.037699 0.111489
0 0.559621 0.639987 0.010899 0.041781
0 0.546019 0.640735 0.012846 0.041059
0 0.536427 0.641116 0.009456 0.042126
