7 0.373465 0.114424 0.04065 0.155854
7 0.462586 0.116469 0.040454 0.155153
7 0.066934 0.40039 0.020379 0.077911
7 0.119165 0.403027 0.021856 0.075906
7 0.687919 0.551241 0.012562 0.068059
7 0.462389 0.547494 0.018752 0.057491
7 0.755622 0.464373 0.029847 0.096805
7 0.772636 0.462148 0.040331 0.088741
2 0.187892 0.682605 0.052571 0.074668
2 0.321504 0.669482 0.04101 0.042783
2 0.056698 0.681292 0.044932 0.050931
2 0.102926 0.68282 0.058737 0.07395
2 0.281566 0.667075 0.029134 0.03525
2 0.24571 0.669412 0.018294 0.029009
0 0.734828 0.680475 0.035157 0.175669
0 0.018068 0.676851 0.018229 0.088196
0 0.138569 0.666388 0.014957 0.049471
