7 0.944282 0.134566 0.066769 0.248299
3 0.743248 0.613502 0.112719 0.114156
2 0.24856 0.680352 0.085066 0.114178
2 0.301324 0.674062 0.045827 0.066573
2 0.363042 0.676316 0.071217 0.086207
2 0.45596 0.671743 0.037593 0.04701
2 0.115508 0.685659 0.033101 0.034511
2 0.152756 0.681023 0.041849 0.038742
2 0.79896 0.663634 0.056781 0.152351
2 0.415133 0.672517 0.020733 0.041543
2 0.401815 0.675032 0.01782 0.052795
2 0.187897 0.679583 0.020471 0.036042
0 0.901056 0.714589 0.083921 0.468215
0 0.855736 0.668184 0.05599 0.376285
