7 0.429899 0.366182 0.024392 0.08577
7 0.613429 0.546729 0.020862 0.068321
7 0.663431 0.56134 0.014595 0.065078
4 0.532866 0.654551 0.056509 0.09299
2 0.441693 0.728045 0.139776 0.19657
2 0.079997 0.760115 0.159559 0.410095
2 0.14914 0.683273 0.068576 0.06253
2 0.509187 0.681689 0.036563 0.088649
2 0.316366 0.672038 0.075969 0.0768
2 0.585668 0.67249 0.032146 0.030765
0 0.678905 0.649876 0.018919 0.094695
0 0.641404 0.659436 0.021344 0.089218
0 0.834649 0.678189 0.06868 0.334885
0 0.715542 0.667611 0.021633 0.111335
0 0.422874 0.66617 0.023588 0.035568
