7 0.34595 0.279988 0.025008 0.109207
7 0.239474 0.524417 0.010751 0.026976
7 0.550434 0.519143 0.018582 0.071954
7 0.569082 0.522898 0.014594 0.049202
3 0.306858 0.629568 0.132081 0.20086
2 0.408291 0.727147 0.173194 0.238251
2 0.844715 0.686917 0.301095 0.243868
2 0.124012 0.695926 0.095583 0.093632
2 0.944111 0.812132 0.111697 0.367519
2 0.175164 0.665633 0.042809 0.054952
2 0.204603 0.672295 0.023003 0.038673
0 0.790355 0.613591 0.014773 0.064183
0 0.764764 0.616561 0.014356 0.061171
0 0.379597 0.652464 0.0315 0.042953
0 0.312268 0.589385 0.033669 0.050214
