7 0.595159 0.310271 0.022535 0.089614
7 0.345713 0.301197 0.025234 0.094597
7 0.488167 0.306427 0.021941 0.092087
7 0.746786 0.313438 0.024963 0.086706
7 0.242921 0.496175 0.017974 0.061462
7 0.869321 0.515801 0.023398 0.06273
7 0.840015 0.514242 0.017928 0.058696
7 0.212964 0.497424 0.0155 0.062525
7 0.036717 0.497922 0.012815 0.057842
7 0.779303 0.475603 0.009387 0.047664
7 0.226873 0.49762 0.015543 0.064804
3 0.278279 0.59412 0.163382 0.123769
2 0.481142 0.681953 0.135736 0.188755
2 0.371207 0.638422 0.039384 0.086548
2 0.303844 0.660707 0.135237 0.17104
2 0.54298 0.625849 0.028388 0.048004
2 0.42394 0.628013 0.044426 0.070455
2 0.912269 0.641393 0.03437 0.039757
