7 0.275556 0.072916 0.03272 0.145882
7 0.786178 0.511032 0.024381 0.102558
7 0.600887 0.389163 0.025509 0.07615
7 0.752441 0.505237 0.019471 0.097133
7 0.662979 0.477595 0.037347 0.1283
2 0.865852 0.686428 0.184282 0.111038
2 0.056765 0.708236 0.05778 0.052043
2 0.321105 0.69869 0.024284 0.032126
2 0.206933 0.703444 0.026975 0.027312
2 0.409745 0.68989 0.020655 0.046126
2 0.168155 0.705712 0.027635 0.031213
2 0.37592 0.689978 0.018757 0.037745
2 0.390785 0.692649 0.015883 0.033213
2 0.116787 0.706935 0.035941 0.038071
2 0.229818 0.702823 0.015811 0.021883
2 0.343728 0.69464 0.018645 0.029571
2 0.439464 0.690087 0.057216 0.053729
0 0.544011 0.679441 0.022628 0.089401
