7 0.295552 0.668865 0.01354 0.025778
7 0.871398 0.58727 0.019332 0.079524
2 0.702311 0.733989 0.144963 0.164176
2 0.602432 0.70717 0.052415 0.075863
2 0.051209 0.763731 0.098457 0.132673
2 0.574837 0.700796 0.018337 0.051845
2 0.325403 0.716192 0.028493 0.039963
2 0.133362 0.733378 0.112283 0.123019
2 0.562349 0.687679 0.013754 0.024568
2 0.206341 0.732864 0.048251 0.079071
2 0.443 0.690719 0.017627 0.015031
2 0.242772 0.72778 0.044473 0.071411
2 0.37379 0.706862 0.037706 0.038483
2 0.480999 0.689316 0.016537 0.018812
2 0.347791 0.71302 0.019193 0.035444
2 0.241658 0.708047 0.036323 0.028342
