7 0.619997 0.291572 0.019207 0.097618
7 0.241793 0.581577 0.013886 0.071362
7 0.783778 0.55643 0.019003 0.07174
7 0.209224 0.508564 0.021698 0.072143
7 0.226568 0.517295 0.010843 0.043171
2 0.508339 0.726006 0.085032 0.119995
2 0.384215 0.70855 0.065258 0.0891
2 0.343157 0.680954 0.028778 0.04004
2 0.896288 0.680698 0.099704 0.061684
2 0.629462 0.667988 0.034613 0.036576
2 0.247606 0.674396 0.047537 0.027146
2 0.40636 0.66554 0.025918 0.045278
2 0.597531 0.647785 0.014263 0.020839
0 0.80237 0.700554 0.030053 0.123105
