2 0.68594 0.708966 0.101076 0.115907
2 0.599786 0.69737 0.045641 0.057969
2 0.173714 0.705054 0.053747 0.034331
2 0.126515 0.707014 0.046947 0.040346
2 0.067632 0.715134 0.093798 0.044972
2 0.211589 0.700501 0.038905 0.031961
2 0.548088 0.674479 0.017998 0.02363
2 0.033535 0.714629 0.052048 0.04559
2 0.299722 0.692299 0.038197 0.031412
2 0.25264 0.696686 0.052502 0.035799
2 0.511283 0.674219 0.014547 0.019503
2 0.520086 0.674036 0.015511 0.022507
2 0.537147 0.67338 0.008588 0.022561
2 0.522189 0.669257 0.01064 0.014705
0 0.481247 0.688792 0.009969 0.033246
0 0.491751 0.68061 0.009935 0.02641
