7 0.672363 0.361005 0.019265 0.07843
7 0.556179 0.338542 0.022062 0.086032
7 0.424841 0.313816 0.023119 0.091226
7 0.778332 0.399319 0.018829 0.049074
7 0.642672 0.505057 0.009346 0.036996
7 0.863008 0.577134 0.017567 0.051311
7 0.237975 0.509768 0.015113 0.066231
7 0.193524 0.518352 0.011491 0.033664
7 0.844001 0.572425 0.017662 0.051812
7 0.261868 0.510722 0.018941 0.06602
2 0.738575 0.679801 0.120279 0.111294
2 0.595796 0.668098 0.11417 0.143916
2 0.440983 0.686252 0.144152 0.209209
2 0.853393 0.680253 0.115384 0.103772
2 0.323905 0.632896 0.044316 0.041898
2 0.670865 0.647578 0.053534 0.04069
2 0.361443 0.647009 0.046716 0.081527
2 0.936027 0.70601 0.126011 0.201952
2 0.207748 0.625756 0.065106 0.053781
2 0.37503 0.667215 0.025009 0.099409
