4 0.215059 0.599091 0.121323 0.2058
3 0.216186 0.595738 0.120531 0.204398
2 0.698133 0.660139 0.154227 0.179447
2 0.077007 0.677279 0.153884 0.150506
2 0.314821 0.660656 0.089806 0.113682
2 0.408628 0.634965 0.0323 0.041653
2 0.174352 0.661836 0.079755 0.113345
2 0.370426 0.634812 0.02493 0.038999
2 0.506551 0.628643 0.027342 0.039126
2 0.456441 0.634844 0.015535 0.020953
2 0.385945 0.629822 0.01756 0.029626
2 0.48849 0.629553 0.017529 0.033394
0 0.629007 0.615289 0.020865 0.079844
0 0.537217 0.615679 0.009931 0.031996
