7 0.272387 0.561178 0.006492 0.018332
7 0.425349 0.478034 0.009829 0.033002
7 0.347595 0.510099 0.009794 0.028302
4 0.852141 0.610431 0.295244 0.466977
2 0.14092 0.643827 0.117409 0.121671
2 0.269092 0.626093 0.056862 0.060268
2 0.435658 0.612954 0.034709 0.042302
2 0.313605 0.61631 0.028923 0.041996
2 0.507524 0.621249 0.035901 0.048854
2 0.393155 0.612546 0.037872 0.046693
2 0.556639 0.621957 0.068208 0.10659
2 0.339406 0.613836 0.025278 0.032624
2 0.361526 0.608965 0.021581 0.02353
0 0.222579 0.608184 0.011351 0.058697
