7 0.219928 0.271527 0.024468 0.089247
7 0.304632 0.27925 0.023078 0.08923
7 0.175587 0.480857 0.009225 0.041304
7 0.467629 0.475994 0.015917 0.058588
7 0.482138 0.476793 0.015223 0.056419
7 0.061268 0.498992 0.025736 0.058122
7 0.073484 0.4981 0.014203 0.054869
7 0.571914 0.531815 0.015401 0.037693
2 0.360392 0.657631 0.159104 0.240962
2 0.076468 0.644808 0.148704 0.133553
2 0.46683 0.61798 0.077805 0.074098
2 0.149697 0.628814 0.045851 0.071233
2 0.166259 0.608013 0.087692 0.099924
0 0.505237 0.595928 0.02677 0.097546
