7 0.012068 0.325895 0.020685 0.109156
7 0.645254 0.345996 0.044958 0.131681
2 0.378926 0.609848 0.08323 0.11876
2 0.435029 0.614157 0.048749 0.084301
2 0.602838 0.626176 0.041934 0.099684
2 0.471134 0.611156 0.041198 0.061938
2 0.507911 0.608273 0.029954 0.042066
2 0.520004 0.608319 0.021121 0.039829
0 0.097977 0.590104 0.032797 0.155793
0 0.224661 0.596771 0.022687 0.097135
0 0.293283 0.597082 0.01467 0.093352
0 0.308853 0.599334 0.012962 0.088103
0 0.845447 0.609629 0.063463 0.246466
0 0.208836 0.594211 0.016747 0.095315
