7 0.49047 0.369609 0.016129 0.065405
7 0.610664 0.373918 0.016259 0.062174
7 0.205048 0.546341 0.009254 0.027359
7 0.41078 0.530169 0.013701 0.042543
2 0.591995 0.646218 0.075712 0.098148
2 0.681342 0.637419 0.070788 0.092797
2 0.468321 0.652017 0.0905 0.127949
2 0.039751 0.650336 0.07631 0.112354
2 0.85725 0.758491 0.284313 0.476604
2 0.735073 0.650229 0.082739 0.120416
2 0.32729 0.634478 0.060521 0.073514
2 0.634858 0.634896 0.035331 0.058394
2 0.549448 0.6389 0.033727 0.062968
2 0.17745 0.663895 0.134286 0.147355
2 0.139283 0.641665 0.098673 0.12165
2 0.519342 0.627295 0.028727 0.042564
2 0.366893 0.6264 0.032897 0.045964
2 0.278843 0.627883 0.031444 0.073124
