4 0.417372 0.617953 0.047257 0.101541
2 0.164496 0.69379 0.213989 0.225063
2 0.655382 0.648012 0.08276 0.109772
2 0.875623 0.69926 0.248319 0.359884
2 0.373072 0.654027 0.057162 0.09121
2 0.606815 0.640951 0.029963 0.07835
2 0.313003 0.647756 0.073426 0.174114
2 0.570546 0.633553 0.023211 0.054358
2 0.407582 0.649792 0.030779 0.070777
2 0.506205 0.624843 0.024167 0.025028
2 0.543539 0.627538 0.01382 0.028162
2 0.481027 0.627474 0.017692 0.025114
2 0.454128 0.634246 0.01925 0.040296
2 0.467614 0.628672 0.015055 0.029227
