7 0.560765 0.279439 0.025259 0.085457
7 0.165384 0.520646 0.021589 0.058884
7 0.682803 0.258181 0.027175 0.08658
7 0.437621 0.291698 0.029345 0.093875
7 0.078141 0.534782 0.015014 0.058593
7 0.320389 0.305544 0.025428 0.091253
2 0.387058 0.659678 0.057531 0.067948
2 0.49027 0.644424 0.050448 0.065034
2 0.543426 0.639917 0.029867 0.034593
2 0.60397 0.636865 0.018044 0.024674
2 0.522974 0.6479 0.018199 0.023437
2 0.584916 0.640843 0.017562 0.019176
2 0.560973 0.641615 0.01473 0.019959
2 0.636682 0.636708 0.017334 0.019983
2 0.678351 0.626538 0.025587 0.027986
2 0.659659 0.629038 0.020607 0.030645
