7 0.540307 0.393371 0.01175 0.050563
7 0.37252 0.561564 0.016119 0.03737
7 0.479309 0.585821 0.00511 0.012714
7 0.451194 0.589067 0.007827 0.018517
2 0.366174 0.682451 0.14219 0.155314
2 0.555568 0.685759 0.149308 0.199391
2 0.453197 0.652422 0.062011 0.08955
2 0.831387 0.613911 0.116727 0.130337
2 0.934949 0.603405 0.127439 0.199301
2 0.765434 0.614752 0.053123 0.095743
2 0.27667 0.670819 0.041744 0.045374
2 0.615875 0.610414 0.020768 0.028995
2 0.755222 0.58981 0.053066 0.075819
2 0.490862 0.626951 0.014589 0.024972
