2 0.205574 0.646711 0.101345 0.076843
2 0.627817 0.622187 0.064255 0.08446
2 0.450922 0.608396 0.030682 0.034589
2 0.046399 0.645282 0.087727 0.051604
2 0.312588 0.619881 0.062478 0.035466
2 0.136114 0.634035 0.054479 0.050293
2 0.945109 0.580431 0.083528 0.049662
2 0.086041 0.639852 0.056829 0.039119
2 0.254372 0.626328 0.041919 0.03033
2 0.687835 0.597326 0.027077 0.034804
2 0.836024 0.592787 0.056334 0.036375
2 0.731179 0.590843 0.020659 0.030199
2 0.279876 0.624357 0.039166 0.033448
0 0.428345 0.625467 0.02933 0.090468
