7 0.676611 0.455721 0.012472 0.055846
7 0.40048 0.687827 0.014037 0.040893
7 0.705666 0.643214 0.007103 0.021276
7 0.964574 0.642364 0.018482 0.065885
7 0.389666 0.68706 0.011778 0.040375
7 0.88699 0.647202 0.02367 0.070285
6 0.212724 0.778456 0.0224 0.041133
2 0.075099 0.815187 0.148088 0.17717
2 0.563637 0.798621 0.092556 0.126344
2 0.818172 0.817685 0.147595 0.222411
2 0.739955 0.78579 0.108803 0.173679
2 0.902761 0.851018 0.192994 0.300165
2 0.685421 0.768389 0.029715 0.057403
2 0.291594 0.76861 0.027271 0.032482
0 0.402239 0.773951 0.018861 0.076217
0 0.218767 0.753819 0.016361 0.051216
