7 0.609748 0.291794 0.017653 0.090033
7 0.918891 0.486456 0.033865 0.137844
7 0.956117 0.478744 0.034062 0.15536
7 0.279284 0.699227 0.009182 0.021903
7 0.79313 0.586598 0.032337 0.092109
7 0.194275 0.633565 0.016616 0.062602
7 0.207623 0.633083 0.022942 0.063533
7 0.422751 0.712281 0.007724 0.02315
2 0.839912 0.853902 0.289756 0.289652
2 0.545621 0.798853 0.076856 0.111739
2 0.484425 0.774893 0.052268 0.074334
2 0.585508 0.779336 0.026136 0.048317
2 0.094293 0.739368 0.06074 0.021307
0 0.685444 0.765705 0.013881 0.064495
