7 0.141449 0.353597 0.015584 0.076712
7 0.419876 0.432377 0.01287 0.066289
7 0.603568 0.677587 0.019252 0.057621
7 0.625329 0.680613 0.011876 0.040314
7 0.270444 0.726011 0.015238 0.034091
2 0.3626 0.79461 0.086294 0.06643
2 0.201266 0.834987 0.165921 0.18791
2 0.528672 0.863313 0.183605 0.255026
2 0.064634 0.860925 0.128759 0.276889
2 0.301867 0.788558 0.080139 0.066717
2 0.729379 0.768298 0.024416 0.033736
2 0.071912 0.797636 0.055878 0.053435
2 0.706683 0.768701 0.017652 0.030029
2 0.754785 0.767537 0.017052 0.027005
2 0.68731 0.76559 0.024419 0.056552
0 0.839078 0.770845 0.060246 0.192496
