7 0.574928 0.455141 0.023978 0.082958
7 0.432806 0.649405 0.011715 0.057894
7 0.766659 0.636176 0.012674 0.053595
2 0.758751 0.803766 0.164466 0.18689
2 0.524255 0.799956 0.115743 0.171697
2 0.931671 0.83017 0.136421 0.305048
2 0.915314 0.758214 0.088159 0.097381
2 0.380811 0.758238 0.051748 0.038807
2 0.636474 0.747017 0.017719 0.024526
2 0.445706 0.75686 0.029616 0.040648
2 0.300438 0.759694 0.023965 0.0211
2 0.616741 0.745535 0.014805 0.021065
2 0.623486 0.74573 0.02088 0.022591
0 0.143421 0.757548 0.019689 0.070255
