7 0.774928 0.222638 0.043522 0.167176
7 0.304589 0.213497 0.045215 0.16237
7 0.534276 0.212732 0.044915 0.161644
7 0.177076 0.567451 0.025409 0.093765
7 0.154167 0.445429 0.030479 0.105225
7 0.128109 0.562847 0.034542 0.087822
2 0.888857 0.848083 0.223415 0.298428
2 0.100156 0.846546 0.196278 0.308989
2 0.738383 0.785387 0.105844 0.122325
2 0.501473 0.765403 0.057216 0.091882
2 0.199188 0.741262 0.028596 0.033156
2 0.139558 0.751232 0.022597 0.031379
2 0.466092 0.744751 0.019919 0.034343
2 0.450001 0.739883 0.017494 0.031092
2 0.082651 0.739625 0.036282 0.029731
