7 0.550184 0.359986 0.015071 0.065785
7 0.574811 0.360009 0.016528 0.0649
7 0.332968 0.530574 0.012721 0.05277
7 0.24467 0.543531 0.011402 0.04123
7 0.134873 0.396242 0.013016 0.062134
4 0.493522 0.616969 0.026661 0.046674
2 0.180916 0.695094 0.239224 0.219885
2 0.378117 0.648397 0.093673 0.096886
2 0.033922 0.654769 0.065573 0.057879
2 0.103344 0.649197 0.052985 0.055745
2 0.456148 0.632712 0.055483 0.065101
2 0.606798 0.619313 0.037519 0.048566
2 0.51611 0.614664 0.021418 0.032097
2 0.663421 0.612804 0.021468 0.032426
2 0.627704 0.609992 0.019126 0.030042
2 0.884235 0.601966 0.040142 0.032208
2 0.494052 0.620046 0.027396 0.045726
2 0.536859 0.611529 0.01706 0.025884
