2 0.111136 0.688008 0.182808 0.112947
2 0.391567 0.648966 0.073187 0.045243
2 0.306293 0.649482 0.022662 0.070467
0 0.223622 0.670524 0.030764 0.118161
2 0.223622 0.670524 0.030764 0.118161
2 0.011768 0.694055 0.022153 0.059322
0 0.350269 0.648856 0.018507 0.090441
0 0.726778 0.615827 0.041571 0.135914
0 0.896772 0.573364 0.062744 0.214664
0 0.258674 0.669261 0.028208 0.122162
0 0.287134 0.665696 0.029431 0.130306
0 0.821666 0.614571 0.051391 0.151411
0 0.615194 0.58736 0.018299 0.047189
0 0.85391 0.590086 0.033044 0.154312
0 0.326934 0.655435 0.019231 0.078427
0 0.793204 0.593724 0.035315 0.153149
