7 0.874509 0.523402 0.012981 0.032071
7 0.134537 0.488566 0.01342 0.05084
2 0.505005 0.701241 0.105225 0.138157
2 0.633751 0.681454 0.084988 0.094145
2 0.187332 0.679814 0.067878 0.069105
2 0.580189 0.668362 0.04057 0.054693
2 0.774975 0.641305 0.052641 0.039985
5 0.739262 0.691103 0.016696 0.062784
5 0.857904 0.68709 0.032446 0.073435
0 0.739235 0.662048 0.020691 0.096175
0 0.88612 0.654906 0.021472 0.111691
0 0.839834 0.66485 0.021056 0.109574
0 0.85598 0.653035 0.028389 0.13342
0 0.958427 0.653123 0.024203 0.124125
