7 0.522432 0.383559 0.028099 0.099355
7 0.352273 0.398973 0.0255 0.097552
7 0.720185 0.573865 0.028299 0.101117
7 0.185033 0.416258 0.022733 0.08769
7 0.212163 0.413015 0.024663 0.090414
7 0.136707 0.708478 0.012609 0.043266
7 0.678725 0.674163 0.009071 0.042235
4 0.534495 0.76579 0.055524 0.101795
2 0.388427 0.7859 0.087322 0.11251
2 0.249713 0.826191 0.204565 0.204584
2 0.4579 0.776033 0.04731 0.057496
2 0.485124 0.768859 0.026832 0.04557
2 0.891246 0.748123 0.102553 0.053874
2 0.057671 0.838637 0.111471 0.180625
2 0.949138 0.755366 0.103423 0.080003
2 0.497612 0.75994 0.019051 0.041105
