7 0.674031 0.139383 0.042665 0.154243
7 0.219376 0.062969 0.048937 0.120212
7 0.864227 0.478806 0.025285 0.090004
7 0.222565 0.489644 0.010417 0.044404
7 0.889095 0.480354 0.021593 0.095463
7 0.391297 0.600158 0.010437 0.032567
7 0.324876 0.491957 0.013516 0.051281
7 0.364314 0.593486 0.012496 0.029526
2 0.601267 0.698552 0.122512 0.137548
2 0.450286 0.686558 0.071556 0.094357
2 0.704719 0.685645 0.095111 0.098905
2 0.504612 0.677469 0.041427 0.048753
2 0.119773 0.71406 0.232904 0.308768
2 0.254146 0.680215 0.101631 0.170492
2 0.339795 0.672925 0.021505 0.028343
