7 0.805891 0.205463 0.032442 0.121339
7 0.645939 0.202351 0.029 0.11963
7 0.31059 0.228055 0.031843 0.127786
7 0.481505 0.208583 0.030857 0.12645
7 0.329655 0.494545 0.011327 0.039684
7 0.200985 0.52414 0.02456 0.050103
4 0.387521 0.611665 0.104444 0.158553
4 0.267753 0.614491 0.088335 0.113087
4 0.759604 0.651563 0.262494 0.415635
2 0.034487 0.675196 0.065298 0.079602
2 0.891097 0.700896 0.211524 0.59467
2 0.521005 0.634187 0.021688 0.021489
2 0.600249 0.635533 0.026182 0.034364
2 0.555308 0.633339 0.022911 0.026329
