7 0.322607 0.067917 0.039262 0.129778
7 0.741876 0.478034 0.017122 0.052317
7 0.613485 0.507405 0.025157 0.0818
7 0.089279 0.603722 0.018277 0.043606
7 0.639228 0.506255 0.020511 0.084939
7 0.752213 0.318572 0.023629 0.074596
7 0.246471 0.422074 0.017862 0.064321
7 0.654396 0.332391 0.019177 0.065501
7 0.880004 0.478157 0.01989 0.064966
2 0.24155 0.6652 0.058539 0.097015
4 0.24155 0.6652 0.058539 0.097015
2 0.15242 0.702429 0.223154 0.149401
2 0.493245 0.766526 0.321835 0.459924
2 0.688322 0.668342 0.093461 0.100127
2 0.283418 0.672082 0.03634 0.061224
2 0.308138 0.660048 0.048974 0.081206
2 0.986137 0.656462 0.024818 0.055464
