7 0.384897 0.137525 0.025604 0.109991
7 0.019872 0.584847 0.012704 0.042134
7 0.135231 0.464269 0.022394 0.083251
7 0.116249 0.463957 0.030239 0.089788
7 0.096018 0.465824 0.018699 0.084468
7 0.281163 0.444471 0.016668 0.054198
7 0.660592 0.518365 0.024913 0.077776
7 0.68182 0.517088 0.017418 0.076257
4 0.311555 0.655695 0.058718 0.090136
2 0.475864 0.740092 0.191501 0.251317
2 0.370772 0.677706 0.050355 0.052819
2 0.270358 0.685565 0.055799 0.053394
2 0.606808 0.665473 0.109587 0.088891
2 0.222716 0.689403 0.043459 0.049841
0 0.195803 0.682533 0.017794 0.068499
