2 0.748523 0.768655 0.189958 0.222715
2 0.487495 0.766594 0.147865 0.205752
2 0.946328 0.753846 0.106063 0.231765
2 0.645872 0.73416 0.079614 0.135509
2 0.580043 0.714338 0.038223 0.059266
2 0.393159 0.715794 0.029514 0.036589
2 0.274209 0.733674 0.040378 0.060515
2 0.319338 0.735463 0.089328 0.106461
2 0.256896 0.724631 0.042624 0.055652
2 0.422715 0.712311 0.017687 0.029551
2 0.371668 0.71667 0.015467 0.028969
2 0.556449 0.704767 0.016695 0.031602
2 0.359831 0.714577 0.016082 0.033665
0 0.856652 0.692587 0.029935 0.12397
