7 0.306635 0.412835 0.018827 0.058114
7 0.743749 0.54711 0.016085 0.045159
7 0.213772 0.47702 0.0168 0.045027
7 0.226038 0.53239 0.013043 0.042772
7 0.730696 0.547006 0.010368 0.045624
7 0.852132 0.503736 0.01221 0.052311
7 0.218262 0.533764 0.013766 0.0415
7 0.867278 0.502334 0.016269 0.05786
4 0.344774 0.60794 0.031363 0.042438
2 0.415328 0.64329 0.067887 0.100049
2 0.304623 0.622367 0.022953 0.041813
2 0.969467 0.641493 0.060659 0.06631
2 0.323932 0.6172 0.01954 0.026863
2 0.94527 0.620636 0.095291 0.105057
2 0.374457 0.608844 0.017932 0.034435
0 0.540249 0.629841 0.015185 0.073895
