7 0.254545 0.564321 0.00811 0.03155
7 0.527034 0.560083 0.010854 0.039161
7 0.152225 0.555407 0.010846 0.035586
7 0.326163 0.502438 0.009779 0.032617
7 0.123575 0.466508 0.009473 0.038411
7 0.422803 0.470782 0.010944 0.038704
7 0.614395 0.498681 0.010544 0.027026
7 0.406867 0.46921 0.008307 0.042414
7 0.287302 0.572259 0.006327 0.018313
2 0.723057 0.670714 0.170361 0.185093
2 0.172371 0.641791 0.103254 0.105499
2 0.875793 0.726226 0.247857 0.366253
2 0.282674 0.630439 0.04903 0.053937
2 0.401944 0.62147 0.024517 0.032298
2 0.045939 0.620127 0.064505 0.050469
2 0.316846 0.622182 0.030185 0.040804
2 0.370473 0.61582 0.017991 0.022194
