7 0.883574 0.399458 0.047895 0.160336
7 0.449804 0.041777 0.034175 0.079291
7 0.3773 0.038982 0.032264 0.074959
7 0.192021 0.304875 0.025493 0.084582
7 0.675083 0.493585 0.022752 0.08806
7 0.29996 0.562204 0.006326 0.012283
2 0.204613 0.634458 0.08361 0.090582
2 0.404967 0.622938 0.026155 0.033427
2 0.347911 0.620256 0.017508 0.021452
2 0.297895 0.608284 0.012368 0.014068
2 0.278733 0.61167 0.016155 0.016409
2 0.325538 0.613115 0.011111 0.015779
2 0.258623 0.612902 0.014921 0.017874
2 0.375117 0.610724 0.012689 0.012991
2 0.333709 0.613732 0.013421 0.015755
2 0.389489 0.611359 0.013869 0.014718
