7 0.561405 0.326082 0.017195 0.064793
7 0.455119 0.317561 0.016027 0.066712
7 0.259084 0.49048 0.014231 0.046343
7 0.654376 0.484129 0.017349 0.044221
7 0.306452 0.458897 0.009953 0.028337
2 0.442796 0.613956 0.078024 0.109701
2 0.098709 0.588962 0.093567 0.078958
2 0.667989 0.650426 0.122307 0.155365
2 0.844249 0.668677 0.311525 0.359266
2 0.227445 0.562011 0.081622 0.047781
2 0.606115 0.612956 0.104405 0.150356
2 0.034261 0.561062 0.062831 0.045237
2 0.309246 0.568599 0.027791 0.025212
2 0.378884 0.569911 0.022561 0.024152
2 0.345515 0.568514 0.024399 0.027237
2 0.561917 0.614612 0.021145 0.066581
