7 0.129368 0.591838 0.025057 0.09619
7 0.093887 0.604092 0.02482 0.059641
7 0.759356 0.571716 0.0237 0.089313
4 0.130505 0.763558 0.180277 0.208593
2 0.731708 0.794124 0.124168 0.133594
2 0.533226 0.790895 0.074466 0.09539
2 0.323048 0.795189 0.045099 0.043095
2 0.248206 0.798538 0.056193 0.043313
2 0.644161 0.778945 0.056966 0.079878
2 0.388123 0.786933 0.032453 0.040781
2 0.958468 0.875311 0.083053 0.255502
2 0.583449 0.773791 0.02455 0.035052
2 0.023152 0.824607 0.043551 0.064515
2 0.493587 0.769459 0.014752 0.015501
2 0.414716 0.781985 0.023068 0.037238
0 0.675135 0.755318 0.015252 0.057828
