7 0.39333 0.577076 0.008945 0.041037
7 0.474789 0.572278 0.008643 0.042709
7 0.322739 0.576348 0.00923 0.034615
6 0.182738 0.845553 0.049169 0.105022
2 0.733672 0.812492 0.155147 0.209986
2 0.62606 0.774233 0.072651 0.077852
2 0.323023 0.80531 0.114549 0.155979
2 0.483472 0.781582 0.060912 0.084015
2 0.13482 0.799862 0.057883 0.061014
2 0.232864 0.806309 0.067637 0.121944
2 0.379478 0.793399 0.048282 0.105356
2 0.02708 0.823106 0.046913 0.092087
2 0.400192 0.78442 0.029501 0.082313
2 0.522392 0.746008 0.012488 0.020194
0 0.183232 0.798864 0.053065 0.12631
