7 0.220332 0.659218 0.009759 0.028203
7 0.931147 0.226382 0.035405 0.14791
7 0.350628 0.661448 0.007843 0.0283
7 0.774277 0.621991 0.025377 0.074638
7 0.744856 0.620394 0.019958 0.075768
7 0.265632 0.721387 0.007414 0.018984
7 0.0121 0.581901 0.020459 0.105848
2 0.4923 0.786122 0.088242 0.115785
2 0.334741 0.772303 0.026042 0.037185
2 0.364711 0.772836 0.037874 0.044673
2 0.124095 0.769062 0.064913 0.071915
2 0.235037 0.762326 0.023789 0.021071
2 0.395642 0.77098 0.025251 0.041339
2 0.429001 0.770588 0.019948 0.032397
2 0.412016 0.768365 0.01471 0.027134
2 0.208096 0.766066 0.034544 0.042686
2 0.448843 0.778232 0.02937 0.074676
2 0.291204 0.765388 0.032138 0.018823
2 0.163931 0.769068 0.032992 0.028508
