4 0.531509 0.771508 0.060184 0.114576
2 0.773133 0.777141 0.216513 0.134012
2 0.224442 0.848894 0.207433 0.23235
2 0.391357 0.794797 0.077195 0.131682
2 0.073282 0.82245 0.143605 0.354561
2 0.937838 0.746349 0.118432 0.115201
2 0.140182 0.796744 0.062806 0.089847
2 0.575761 0.761644 0.030378 0.035275
0 0.719282 0.73361 0.021941 0.056491
0 0.64056 0.75948 0.01413 0.074962
0 0.338452 0.803423 0.05336 0.173375
0 0.598537 0.76487 0.014599 0.066309
0 0.655659 0.755956 0.015527 0.070367
0 0.673547 0.746183 0.016396 0.06805
0 0.626664 0.761432 0.01761 0.076526
