2 0.477169 0.797181 0.064799 0.090156
2 0.689868 0.800751 0.08316 0.116552
2 0.407952 0.802608 0.056148 0.07043
2 0.295774 0.831632 0.096717 0.119891
2 0.905964 0.837466 0.183807 0.31947
2 0.571938 0.782818 0.027613 0.030879
2 0.632816 0.792293 0.04321 0.072309
2 0.608082 0.783654 0.024319 0.049757
2 0.531814 0.785051 0.020202 0.025609
2 0.767868 0.837879 0.111303 0.250649
2 0.549035 0.783763 0.01615 0.027639
5 0.226836 0.88093 0.072746 0.140382
0 0.225783 0.812061 0.069651 0.196411
0 0.833952 0.750095 0.051962 0.205966
0 0.366276 0.792786 0.021888 0.063459
