7 0.391106 0.504581 0.011588 0.058781
7 0.28105 0.50184 0.011916 0.058203
7 0.50773 0.504174 0.013582 0.053983
7 0.18619 0.665061 0.01582 0.056148
7 0.683616 0.509587 0.010926 0.04989
7 0.754548 0.655196 0.022511 0.046758
4 0.353056 0.787803 0.096607 0.126521
2 0.261538 0.820851 0.149124 0.17513
2 0.69164 0.781649 0.085839 0.091782
2 0.412822 0.767154 0.027201 0.040125
2 0.112985 0.858067 0.225045 0.288723
2 0.351929 0.787228 0.093944 0.129191
2 0.438189 0.759917 0.020967 0.031257
2 0.803943 0.753611 0.096011 0.060657
2 0.463178 0.75531 0.019892 0.02235
2 0.20658 0.732239 0.129197 0.063754
0 0.876211 0.739349 0.019682 0.08344
