7 0.937376 0.224635 0.02939 0.120202
7 0.318709 0.351641 0.018584 0.071866
7 0.829877 0.511844 0.014518 0.066399
4 0.952414 0.572606 0.095624 0.175849
4 0.330425 0.615325 0.054364 0.072946
2 0.440707 0.642369 0.086191 0.11458
2 0.248448 0.625183 0.063823 0.066876
2 0.115665 0.635441 0.091159 0.088855
2 0.739275 0.622452 0.061701 0.070556
2 0.529771 0.621336 0.030623 0.042452
2 0.018145 0.646121 0.03685 0.23897
2 0.495107 0.627948 0.021846 0.025785
2 0.502326 0.629236 0.023307 0.021279
2 0.391707 0.62637 0.022444 0.042293
2 0.286993 0.614986 0.035672 0.053963
2 0.557251 0.624161 0.03587 0.05018
