7 0.493838 0.231834 0.03053 0.111775
7 0.231636 0.491239 0.01651 0.07082
7 0.783419 0.460849 0.028723 0.085844
7 0.520486 0.474948 0.010191 0.040647
4 0.700466 0.598594 0.086177 0.08439
2 0.126599 0.673396 0.125839 0.117077
2 0.463684 0.656432 0.073404 0.101176
2 0.561563 0.633521 0.082641 0.07252
2 0.413028 0.648715 0.048773 0.082345
2 0.619491 0.63013 0.040117 0.052129
2 0.023151 0.675568 0.039918 0.039899
2 0.207504 0.663208 0.055168 0.039461
2 0.530026 0.626319 0.034054 0.058093
5 0.650795 0.6632 0.01874 0.061895
0 0.649816 0.627559 0.029891 0.112491
