2 0.361033 0.670227 0.084127 0.092784
2 0.774899 0.621445 0.049488 0.078708
2 0.42517 0.652669 0.050099 0.070979
2 0.03349 0.760676 0.066922 0.238806
2 0.45493 0.64779 0.029701 0.056141
2 0.680302 0.633741 0.069314 0.083833
2 0.636235 0.625305 0.027669 0.053581
2 0.493845 0.635311 0.02688 0.039289
2 0.470281 0.642709 0.021242 0.050271
2 0.812927 0.620752 0.036738 0.10042
2 0.862403 0.613616 0.078232 0.131901
2 0.587542 0.59507 0.016337 0.016642
2 0.649541 0.628809 0.025632 0.061405
2 0.570897 0.598536 0.01691 0.018264
2 0.517632 0.626387 0.018639 0.037203
0 0.915288 0.612927 0.051655 0.229884
