7 0.95064 0.36131 0.018831 0.050037
7 0.111382 0.335285 0.039727 0.165823
7 0.916023 0.510099 0.014939 0.041924
7 0.16103 0.33739 0.047573 0.170557
7 0.933021 0.510104 0.016471 0.043322
2 0.119826 0.66732 0.175669 0.108234
2 0.336665 0.65276 0.059451 0.056339
2 0.554678 0.635562 0.028172 0.032004
2 0.586375 0.633644 0.027425 0.040491
2 0.636135 0.625145 0.025863 0.033612
2 0.612537 0.630043 0.016231 0.022465
2 0.731703 0.61355 0.032716 0.035259
2 0.779732 0.609403 0.046486 0.043569
2 0.838862 0.60851 0.076424 0.045078
0 0.950692 0.587541 0.016556 0.069543
