7 0.464421 0.228334 0.040143 0.155051
7 0.75564 0.546636 0.04322 0.157192
7 0.325978 0.612066 0.012188 0.047035
7 0.238004 0.240692 0.039424 0.149038
7 0.393475 0.60291 0.011606 0.045168
7 0.720152 0.565085 0.03071 0.107476
7 0.154267 0.593089 0.018247 0.055026
7 0.97873 0.318662 0.040574 0.098417
7 0.981849 0.62001 0.015393 0.046531
7 0.917673 0.559624 0.036556 0.101129
3 0.493986 0.787103 0.123687 0.217152
3 0.399894 0.742375 0.045182 0.071092
2 0.228798 0.824968 0.21355 0.205054
2 0.406967 0.790969 0.0559 0.068637
2 0.357419 0.779644 0.037912 0.038918
2 0.492942 0.790883 0.131344 0.230495
