7 0.511147 0.563985 0.014867 0.056214
7 0.421729 0.570943 0.014312 0.048781
7 0.615867 0.663792 0.015211 0.053887
7 0.330702 0.580191 0.013328 0.050649
7 0.346379 0.578044 0.013228 0.051178
7 0.403641 0.649448 0.011271 0.033373
2 0.216625 0.828485 0.200437 0.209457
2 0.362248 0.792029 0.093434 0.115527
2 0.432113 0.781734 0.050706 0.056125
2 0.870848 0.741956 0.070974 0.037927
2 0.461452 0.774848 0.02665 0.043393
2 0.796247 0.752673 0.077718 0.051031
2 0.502611 0.768847 0.061147 0.105821
2 0.972138 0.740637 0.041856 0.035183
